1,-2,-5,-4,-5,-5,-8,-8,-8,-7,-3,-3,-3,-1,-3,-4,-4,-4,-3,-6,-7,-7,-10,-10,-12,-14,-11,-10,-10,-10,-10,-11,-10,-12,-16,-17,-18,-15,-17,-17,-19,-18,-22,-20,-23,-21,-17,-18,-20,-16
1,3,-5,-8,-4,-9,-5,-4,-9,-7,-6,-4,-5,-4,-2,-2,-5,-7,-5,-3,-4,-6,-9,-7,-6,-7,-10,-6,-9,-8,-13,-14,-15,-9,-12,-16,-21,-17,-19,-18,-14,-18,-17,-17,-20,-21,-18,-21,-21,-22
-1,1,-2,-6,-3,-3,-10,-5,-3,-6,-7,-9,-10,-8,-8,-1,0,-4,-6,-9,-6,-5,-7,-11,-5,-4,-3,-10,-5,-8,-8,-11,-13,-14,-10,-16,-18,-23,-24,-17,-18,-15,-21,-15,-14,-19,-15,-14,-18,-24
-2,-5,-4,-7,-6,-6,-6,-10,-6,-5,-6,-10,-9,-10,-10,-6,1,-2,-1,-6,-9,-8,-5,-10,-13,-7,-7,-11,-8,-4,-8,-9,-8,-11,-8,-14,-14,-20,-24,-24,-18,-17,-18,-16,-11,-17,-20,-16,-19,-17
1,-5,-2,-8,-7,-8,-7,-8,-8,-2,-4,-11,-7,-7,-5,-9,-4,2,4,2,-1,-6,-10,-8,-10,-12,-9,-9,-8,-10,-5,-10,-9,-6,-10,-15,-11,-16,-23,-28,-20,-17,-18,-21,-20,-16,-16,-14,-19,-16
-1,-6,-4,-3,-7,-7,-7,-9,-8,-5,-8,-12,-11,-8,-5,-8,-8,-7,4,7,2,1,-4,-5,-6,-8,-7,-10,-10,-12,-12,-9,-9,-12,-6,-14,-17,-19,-16,-25,-27,-17,-16,-18,-22,-23,-16,-11,-16,-17
-3,-1,-2,-3,-2,-6,-11,-9,-10,-8,-11,-14,-16,-12,-7,-8,-8,-7,-5,6,1,1,-1,-7,-5,-4,-9,-5,-9,-8,-12,-11,-13,-15,-15,-9,-14,-13,-15,-19,-24,-19,-14,-12,-14,-24,-21,-13,-16,-18
1,-4,2,-4,-6,-5,-9,-12,-10,-8,-8,-12,-15,-15,-11,-10,-9,-11,-11,0,4,1,2,-5,-4,-3,-7,-6,-3,-3,-8,-10,-12,-9,-12,-14,-14,-14,-12,-13,-19,-25,-19,-14,-12,-17,-21,-21,-19,-21
4,-3,-5,-2,-4,-7,-11,-10,-10,-11,-8,-11,-17,-20,-18,-16,-16,-11,-11,-3,3,3,2,2,2,0,-2,-1,-2,-3,-2,-6,-10,-7,-13,-10,-14,-17,-18,-16,-17,-21,-18,-16,-12,-13,-13,-16,-19,-19
8,4,2,-5,-3,-7,-11,-11,-6,-7,-5,-6,-15,-13,-17,-15,-15,-13,-11,-5,-5,3,3,1,3,3,-1,-4,1,0,1,-4,-6,-10,-9,-12,-9,-16,-13,-18,-19,-19,-16,-13,-15,-15,-18,-18,-14,-20
11,4,0,-1,-1,-7,-5,-5,-8,-8,-8,-8,-10,-17,-14,-12,-18,-17,-10,-9,-6,-6,0,0,5,4,0,2,2,-2,3,-3,-3,-10,-9,-7,-9,-11,-15,-15,-19,-15,-13,-12,-13,-12,-11,-19,-19,-14
12,9,5,1,3,-1,-3,-2,-1,-3,-2,-10,-12,-14,-12,-14,-15,-19,-19,-12,-5,-8,-9,-7,0,-1,-2,-3,-3,1,1,2,-5,-7,-10,-13,-14,-9,-9,-14,-16,-20,-17,-15,-17,-18,-11,-13,-17,-21
15,11,11,6,0,5,-3,1,3,4,-4,-6,-9,-12,-10,-14,-17,-13,-21,-17,-7,-7,-4,-4,-6,0,-3,-6,-5,-6,0,5,4,-6,-8,-10,-10,-15,-15,-9,-10,-17,-22,-19,-17,-17,-18,-18,-16,-18
14,17,13,10,6,1,-3,-5,1,-1,-2,-3,-4,-9,-10,-9,-15,-15,-17,-21,-17,-10,-5,-4,-2,-1,-1,-6,-9,-4,-6,3,0,-2,-7,-12,-8,-14,-18,-12,-14,-13,-20,-16,-13,-20,-14,-15,-15,-12
16,18,16,13,10,7,2,2,-4,2,-4,1,2,-5,-7,-8,-13,-16,-19,-16,-18,-14,-6,-3,-3,2,-4,-6,-6,-5,-4,-6,-3,-1,-7,-6,-5,-10,-17,-16,-14,-17,-17,-18,-17,-17,-18,-15,-15,-18
17,14,12,14,12,14,7,5,1,-2,3,-3,0,-3,-7,-3,-8,-12,-17,-17,-16,-16,-8,-8,-3,2,-1,-3,-8,-7,-7,-5,-6,-5,-4,-7,-5,-5,-15,-20,-17,-18,-21,-19,-19,-14,-17,-16,-14,-20
14,16,13,10,15,11,12,5,1,4,0,-2,-1,-1,-3,0,-8,-13,-15,-20,-14,-12,-11,-8,-8,-1,4,-2,0,-1,-7,-8,-6,-4,-4,-2,-9,-9,-11,-11,-17,-13,-17,-17,-20,-22,-19,-13,-17,-19
11,16,19,18,16,17,12,8,2,2,0,0,-4,-6,-1,-2,-2,-10,-17,-21,-14,-13,-15,-13,-10,-9,1,0,-1,3,1,-2,-6,-4,-6,-7,-7,-6,-13,-12,-13,-14,-15,-20,-19,-19,-22,-19,-17,-20
7,11,17,22,21,16,18,11,4,4,5,4,-3,0,-4,-2,-4,-8,-12,-17,-18,-18,-19,-15,-10,-9,-5,-4,-4,-5,4,1,-2,-5,-5,-6,-7,-11,-6,-6,-9,-11,-12,-15,-18,-19,-16,-21,-17,-14
9,5,10,17,19,19,20,16,8,5,2,0,1,2,-1,2,2,-5,-6,-15,-19,-18,-17,-17,-18,-10,-5,-6,-6,-4,1,-2,3,-4,-7,-2,-7,-11,-9,-6,-11,-12,-15,-14,-16,-19,-17,-22,-20,-13
13,6,11,12,16,19,22,19,10,7,9,4,5,3,-1,1,-1,0,-1,-9,-17,-19,-22,-16,-18,-14,-13,-7,-4,-4,-3,-3,1,-4,-2,-4,-6,-10,-10,-5,-5,-13,-10,-10,-15,-17,-14,-18,-20,-14
13,8,4,12,9,17,19,23,17,8,9,6,5,4,-1,-1,-4,-4,2,-1,-6,-17,-19,-19,-22,-14,-10,-10,-7,-6,-5,-8,-5,1,2,-3,-4,-3,-8,-6,-3,-3,-7,-10,-10,-15,-19,-19,-23,-19
15,13,10,9,12,11,14,23,19,16,12,10,11,9,1,-1,-1,-4,-4,-4,-4,-10,-18,-18,-19,-20,-16,-12,-14,-9,-10,-8,-10,-5,0,3,-1,-5,-7,-4,-3,-3,-8,-8,-7,-8,-15,-19,-24,-24
12,11,13,8,10,11,10,18,16,14,14,12,9,14,4,4,-1,1,1,-1,-1,-3,-14,-19,-19,-16,-20,-16,-14,-14,-13,-14,-13,-6,-1,2,5,0,-4,-9,-4,-6,-7,-10,-10,-10,-10,-11,-22,-20
14,15,13,15,7,9,9,10,14,14,10,10,6,8,13,3,0,2,2,5,1,0,-6,-15,-18,-22,-18,-20,-18,-11,-10,-16,-14,-11,-4,3,4,3,4,0,0,0,-5,-7,-7,-13,-11,-8,-13,-18
14,10,10,12,15,13,10,10,11,13,14,15,14,11,14,10,5,4,6,4,3,5,2,-9,-13,-21,-23,-16,-15,-19,-12,-14,-16,-14,-9,-3,-3,-1,-2,2,2,4,-3,-4,-3,-9,-11,-10,-13,-18
18,17,12,14,17,19,18,17,9,7,12,14,11,8,13,14,10,2,4,1,1,5,0,-4,-10,-19,-20,-22,-17,-13,-19,-15,-15,-18,-11,-12,-7,-7,-7,-5,-3,0,3,-5,-8,-7,-5,-12,-13,-19
21,23,15,13,13,15,15,16,11,13,15,13,11,10,13,13,13,10,2,-2,-3,-3,5,0,-8,-9,-16,-19,-20,-21,-18,-20,-15,-15,-15,-10,-9,-9,-8,-9,-2,-2,-4,-2,-6,-9,-3,-11,-8,-15
25,20,22,15,12,10,13,16,14,14,16,16,9,7,7,14,14,11,7,4,0,-6,3,1,-4,-8,-14,-16,-16,-17,-20,-22,-18,-14,-15,-15,-10,-10,-9,-12,-12,-5,-4,-2,-2,-3,-7,-7,-9,-8
22,23,19,22,16,15,12,16,15,17,13,18,11,9,5,6,11,12,6,7,5,-2,0,3,1,-6,-8,-14,-12,-18,-17,-21,-23,-17,-13,-14,-14,-13,-15,-13,-16,-10,-3,0,-1,1,-6,-7,-4,-8
24,27,26,21,20,21,16,15,18,19,18,14,12,13,10,7,7,6,9,5,7,5,-1,2,5,-3,-8,-6,-14,-15,-17,-18,-22,-21,-18,-15,-15,-18,-17,-12,-12,-13,-8,-7,-4,-5,-7,-7,-6,-6
26,25,25,23,23,18,18,13,14,19,15,13,10,12,10,7,3,9,8,6,3,9,2,4,4,3,-2,-1,-10,-10,-10,-11,-16,-20,-21,-21,-13,-15,-18,-19,-16,-11,-11,-13,-11,-5,-7,-8,-7,-7
23,21,22,23,21,20,18,19,11,18,13,14,13,14,13,13,10,11,11,8,3,5,9,3,8,2,4,-2,-6,-5,-8,-10,-11,-16,-19,-16,-18,-19,-15,-16,-19,-19,-13,-14,-11,-10,-7,-7,-6,-10
23,18,18,24,25,18,22,23,15,16,12,13,11,14,14,15,14,10,12,12,8,1,1,7,3,7,1,5,-1,-6,-8,-8,-6,-9,-14,-13,-12,-12,-11,-14,-18,-16,-18,-14,-12,-7,-12,-9,-6,-7
23,21,20,23,23,25,20,24,21,15,14,12,8,9,9,13,11,12,11,14,14,5,2,0,0,-1,5,4,1,-1,-8,-8,-9,-4,-5,-14,-17,-17,-13,-11,-15,-20,-15,-15,-15,-8,-12,-14,-14,-9
23,22,21,17,23,28,22,25,23,17,12,14,14,6,5,6,11,11,8,11,15,9,4,-2,2,3,0,3,4,-2,-4,-6,-8,-9,-8,-7,-13,-16,-15,-16,-15,-18,-21,-13,-17,-13,-8,-11,-16,-10
20,22,18,17,15,23,22,25,21,24,20,11,13,12,6,2,7,10,8,11,10,10,9,4,-1,-3,4,1,1,0,-6,-8,-7,-8,-7,-9,-12,-16,-19,-17,-12,-12,-15,-16,-13,-14,-12,-7,-11,-13
16,19,24,18,13,21,22,19,19,23,20,15,10,12,13,7,7,10,9,11,11,13,8,3,2,1,2,0,-3,2,-1,-7,-11,-11,-9,-11,-15,-12,-16,-18,-16,-11,-11,-14,-17,-15,-15,-9,-5,-13
18,16,17,18,16,17,20,21,23,22,18,18,18,16,14,11,7,11,13,11,7,12,7,2,2,2,6,4,2,-4,-2,-7,-10,-13,-14,-8,-12,-16,-11,-15,-16,-15,-14,-15,-13,-16,-12,-10,-8,-12
20,21,18,19,22,20,16,17,20,19,16,15,17,18,13,10,11,6,8,8,10,6,8,7,4,7,4,5,3,0,-1,-5,-6,-10,-12,-8,-6,-8,-14,-15,-18,-13,-14,-14,-16,-15,-11,-12,-6,-12
20,20,22,21,21,24,22,17,16,22,15,15,16,16,20,15,8,5,2,7,9,5,9,8,4,2,4,4,6,1,4,0,-2,-6,-9,-10,-8,-3,-5,-12,-15,-18,-18,-14,-12,-18,-15,-13,-14,-10
17,17,20,20,20,25,21,21,16,17,18,15,15,16,15,20,11,10,9,7,6,8,3,11,11,5,0,5,2,3,-1,1,-2,-7,-7,-10,-7,-7,-7,-6,-13,-12,-16,-19,-15,-19,-16,-11,-13,-9
15,18,21,18,22,20,18,19,19,19,14,16,12,13,18,20,20,15,12,9,5,3,3,10,9,12,4,-1,-1,0,4,1,0,-1,-2,-5,-5,-10,-7,-7,-7,-11,-13,-16,-13,-20,-14,-15,-11,-9
15,13,18,20,20,21,24,20,16,22,16,15,14,11,14,20,19,17,17,16,7,8,8,11,11,15,8,0,2,0,-3,-1,-4,1,-3,-4,-4,-2,-6,-10,-9,-11,-11,-14,-14,-17,-20,-12,-16,-10
18,14,17,20,23,21,24,26,17,18,23,21,19,12,9,18,17,15,13,15,13,10,10,10,11,11,14,11,3,1,3,-3,-6,-3,-2,-6,-4,-1,-3,-5,-7,-9,-6,-12,-13,-17,-14,-18,-11,-14
20,20,18,19,21,24,19,23,23,16,21,26,24,21,16,17,20,13,18,11,12,12,13,12,15,16,13,15,13,8,1,1,-5,-6,-1,1,-7,0,-1,-3,-9,-7,-6,-8,-9,-10,-17,-17,-11,-15
21,23,21,16,22,24,25,22,23,21,23,27,27,27,25,19,21,17,17,13,13,12,12,13,13,18,15,12,13,7,6,2,-2,-3,-6,1,-3,-7,-7,-6,-9,-4,-4,-6,-12,-9,-10,-16,-19,-18
18,24,24,18,17,19,19,25,24,23,20,20,26,26,24,24,17,19,20,17,17,10,12,15,16,18,14,10,12,10,6,2,-2,-2,-4,0,1,-6,-8,-10,-11,-9,-7,-9,-7,-13,-11,-14,-18,-16
21,18,18,20,21,23,24,21,19,24,24,21,24,25,27,24,23,20,20,16,17,11,11,12,11,18,17,15,13,15,13,11,3,4,1,-4,-3,-6,-7,-10,-14,-15,-10,-13,-8,-6,-8,-7,-14,-19
25,22,23,17,19,17,21,18,15,21,25,27,28,30,23,22,23,22,21,20,18,12,11,11,11,11,15,13,13,18,18,14,11,8,4,0,2,1,-2,-9,-9,-17,-16,-17,-15,-10,-7,-7,-10,-11